[problem]
ni = 80
nj = 100
nk = 20
nt = 357
dt = 0.001
dx = 0.00012
dy = 0.00016712741767680456
Lz = 0.0005
stretch_factor = 3
description = "1分間テストデータ用パラメータ（完全一致検証）"

[grid_z]
dz = [ 7.329516308291406e-5, 6.308573149883915e-5, 5.4298392299660734e-5, 4.6735059359374626e-5, 4.022523836931253e-5, 3.4622183518066623e-5, 2.979958951525194e-5, 2.5648744389969935e-5, 2.2076078881734474e-5, 1.900105718169779e-5, 1.635436147679587e-5, 1.4076329372416838e-5, 1.2115608969625528e-5, 1.042800127940371e-5, 8.975463879353429e-6, 7.725253353074507e-6, 6.649187180895685e-6, 5.723008443340115e-6, 4.925839016330829e-6, 4.239708931941645e-6,]
dz_t = [ 0.00010483802883233363, 5.869206189924994e-5, 5.051672582951768e-5, 4.348014886434358e-5, 3.742371094368958e-5, 3.221088651665931e-5, 2.7724166952610937e-5, 2.3862411635852177e-5, 2.053856803171613e-5, 1.767770932924683e-5, 1.5215345424606354e-5, 1.3095969171021183e-5, 1.1271805124514619e-5, 9.701732579378542e-6, 8.350358616213995e-6, 7.187220266985123e-6, 6.186097812117873e-6, 5.324423729835472e-6, 6.70262844010706e-6, 1e308,]
dz_b = [ 1e308, 0.00010483802883233363, 5.869206189924994e-5, 5.051672582951768e-5, 4.348014886434358e-5, 3.742371094368958e-5, 3.221088651665931e-5, 2.7724166952610937e-5, 2.3862411635852177e-5, 2.053856803171613e-5, 1.767770932924683e-5, 1.5215345424606354e-5, 1.3095969171021183e-5, 1.1271805124514619e-5, 9.701732579378542e-6, 8.350358616213995e-6, 7.187220266985123e-6, 6.186097812117873e-6, 5.324423729835472e-6, 6.70262844010706e-6,]
z_faces = [ 0.0, 7.329516308291406e-5, 0.0001363808945817532, 0.00019067928688141394, 0.00023741434624078856, 0.0002776395846101011, 0.0003122617681281677, 0.00034206135764341966, 0.0003677101020333896, 0.00038978618091512407, 0.00040878723809682186, 0.0004251415995736177, 0.00043921792894603456, 0.0004513335379156601, 0.0004617615391950638, 0.00047073700307441723, 0.00047846225642749174, 0.0004851114436083874, 0.0004908344520517275, 0.0004957602910680584, 0.0005,]
z_centers = [ 0.0, 0.00010483802883233363, 0.00016353009073158357, 0.00021404681656110125, 0.00025752696542544483, 0.0002949506763691344, 0.0003271615628857937, 0.00035488572983840465, 0.00037874814147425683, 0.00039928670950597296, 0.0004169644188352198, 0.00043217976425982614, 0.0004452757334308473, 0.00045654753855536195, 0.0004662492711347405, 0.0004745996297509545, 0.0004817868500179396, 0.0004879729478300575, 0.000493297371559893, 0.0005,]

[material]
rho_reference_value = 7823.493962874829
rho_coeffs = [ 2.4509803921832465e-9, -0.00012202650290892733, -0.2605965847877014, 7983.288461538448,]
cp_coeffs = [ 2.0092965857857302e-10, -3.426055709046039e-7, 0.13492793577599277, 469.85285976023886,]
k_coeffs = [ 4.799122446183406e-12, -8.182993477116119e-9, 0.016176544533897493, 8.117517482517492,]
description = "SUS304熱物性値（3次多項式係数）"

[cgm]
window_size = 71
overlap = 17
cgm_iteration = 1
q_init_value = 0.0
description = "共役勾配法パラメータ（完全一致検証用: 1反復で約2分Python、約14分Julia推定、24ウィンドウ）"

[initial]
T_init_value = 300.0
description = "初期温度（全格子点で一定）"

[numerical]
rtol_dhcp = 1e-6
maxiter_dhcp = 20000
rtol_adjoint = 1e-8
maxiter_adjoint = 20000
description = "数値ソルバーのパラメータ"
